P1:
  percentile_90: 11.171443
  fmr_001: 4.582700729370117
P2:
  percentile_90: 10.63185
  fmr_001: 4.675811767578125
P3:
  percentile_90: 9.553699
  fmr_001: 4.256253242492676
